40
1
7.64559526468992 
-188.651178611488 
8687.56417403356 
2813.63431395856 
393.674766748668 
-0.98085685425662 
2166.75108936798 
-21.506116695987 
4307.26565764337 
-23583.7049396181 
-3403.0103333114 
-58347.040485154 
-35177.4551606608 
-3645.31940877136 
-2317.54639228255 
3082.45839246876 
-1028.83521469291 
-2001.05622432626 
-230.790343186824 
-562.523395002837 
-110.71636193176 
-16.5042469302464 
-560.494250840561 
-12613.3568186239 
-146.655735689736 
-271.362469209557 
-444.284255088519 
-3166.51318765812 
-45.3599312223841 
-249.590461320928 
2434.98599629684 
-559.989527456413 
-88.1347766849253 
-7486.35410256806 
-137.253535195963 
-408.211549711555 
-11.6605567647383 
6903.88313077602 
-950.789078017715 
-525.187495788235 
